0110011101011110110000100110010100011000111101100110110100101001011000100111000011110011011011000110100110011111000110100110000000010110110111110110010110010110011110010110100100110010100110000001000 
0000000000000000000000000000000000000000000000000000000000100000001000000000000000100000010000000000000000000000000010000000000000000000000100000000000000010000000010000100000000000000000000000000000 
0000000000000000000000000000000000000000000000000000000000100000001000000000000000000000010000000000000000000000000010000000000000000000000100000000000000010000000010000100000000000000000000000000000 
0000000000000000000000000000000000000000000000000000000000000000000000000000000000000000010000000000000000000000000000000000000000000000000100000000000000010000000010000000000000000000000000000000000 
0000000000000000000000000000000000000000000000000000000000000000000000000000000000000000000000000000000000000000000000000000000000000000000100000000000000010000000000000000000000000000000000000000000 
0000000000000000000000000000000000000000000000000000000000000000000000000000000000000000010000000000000000000000000000000000000000000000000000000000000000000000000010000000000000000000000000000000000 
0000000000000000000000000000000000000000000000000000000000100000001000000000000000000000000000000000000000000000000010000000000000000000000000000000000000000000000000000100000000000000000000000000000 
0000000000000000000000000000000000000000000000000000000000000000000000000000000000000000000000000000000000000000000010000000000000000000000000000000000000000000000000000100000000000000000000000000000 
0000000000000000000000000000000000000000000000000000000000100000001000000000000000000000000000000000000000000000000000000000000000000000000000000000000000000000000000000000000000000000000000000000000 
0110011101011110110000100110010100011000111101100110110100001001010000100111000011010011001011000110100110011111000100100110000000010110110011110110010110000110011100010010100100110010100110000001000 
0110011101011100110000000110010100001000111101100110110100001001010000100110000010000011001011000100100110011111000000100110000000010110110001010110010110000110011100000010100100010010000010000001000 
0110011101011000110000000110010100001000111100100110110100001001010000100110000010000011001011000100100100011111000000100010000000010110110001000110010110000110011100000000100100000010000010000001000 
0100001101010000100000000000000000001000000100100010000100001001010000000100000000000001001010000100000000001100000000100000000000000010110000000110000000000000001100000000100100000010000010000001000 
0000001000000000100000000000000000001000000000100000000100000000010000000000000000000001001010000100000000001100000000000000000000000010010000000100000000000000000100000000100100000000000010000001000 
0000001000000000100000000000000000001000000000000000000000000000010000000000000000000001001010000000000000001100000000000000000000000010010000000100000000000000000100000000100000000000000010000001000 
0000001000000000100000000000000000001000000000000000000000000000000000000000000000000001001010000000000000001100000000000000000000000010010000000100000000000000000100000000100000000000000010000001000 
0000000000000000000000000000000000001000000000000000000000000000000000000000000000000000000000000000000000001000000000000000000000000000000000000000000000000000000100000000000000000000000000000000000 
0000000000000000000000000000000000001000000000000000000000000000000000000000000000000000000000000000000000000000000000000000000000000000000000000000000000000000000100000000000000000000000000000000000 
0000001000000000100000000000000000000000000000000000000000000000000000000000000000000001001010000000000000000100000000000000000000000010010000000100000000000000000000000000100000000000000010000001000 
0000000000000000000000000000000000000000000000000000000000000000000000000000000000000001001010000000000000000100000000000000000000000000010000000100000000000000000000000000000000000000000000000001000 
0000000000000000000000000000000000000000000000000000000000000000000000000000000000000000001010000000000000000100000000000000000000000000010000000100000000000000000000000000000000000000000000000001000 
0000000000000000000000000000000000000000000000000000000000000000000000000000000000000000001000000000000000000000000000000000000000000000000000000100000000000000000000000000000000000000000000000000000 
0000000000000000000000000000000000000000000000000000000000000000000000000000000000000000000010000000000000000100000000000000000000000000010000000000000000000000000000000000000000000000000000000001000 
0000000000000000000000000000000000000000000000000000000000000000000000000000000000000000000010000000000000000000000000000000000000000000010000000000000000000000000000000000000000000000000000000001000 
0000000000000000000000000000000000000000000000000000000000000000000000000000000000000000000010000000000000000000000000000000000000000000010000000000000000000000000000000000000000000000000000000000000 
0000001000000000100000000000000000000000000000000000000000000000000000000000000000000000000000000000000000000000000000000000000000000010000000000000000000000000000000000000100000000000000010000000000 
0000000000000000100000000000000000000000000000000000000000000000000000000000000000000000000000000000000000000000000000000000000000000010000000000000000000000000000000000000100000000000000010000000000 
0000000000000000000000000000000000000000000000000000000000000000000000000000000000000000000000000000000000000000000000000000000000000010000000000000000000000000000000000000100000000000000010000000000 
0000000000000000000000000000000000000000000000000000000000000000000000000000000000000000000000000000000000000000000000000000000000000010000000000000000000000000000000000000000000000000000010000000000 
0000000000000000000000000000000000000000000000100000000100000000000000000000000000000000000000000100000000000000000000000000000000000000000000000000000000000000000000000000000100000000000000000000000 
0000000000000000000000000000000000000000000000100000000100000000000000000000000000000000000000000100000000000000000000000000000000000000000000000000000000000000000000000000000000000000000000000000000 
0000000000000000000000000000000000000000000000000000000100000000000000000000000000000000000000000100000000000000000000000000000000000000000000000000000000000000000000000000000000000000000000000000000 
0100000101010000000000000000000000000000000100000010000000001001000000000100000000000000000000000000000000000000000000100000000000000000100000000010000000000000001000000000000000000010000000000000000 
0100000000000000000000000000000000000000000100000000000000001001000000000100000000000000000000000000000000000000000000100000000000000000100000000000000000000000001000000000000000000010000000000000000 
0100000000000000000000000000000000000000000100000000000000001000000000000100000000000000000000000000000000000000000000100000000000000000100000000000000000000000000000000000000000000010000000000000000 
0100000000000000000000000000000000000000000100000000000000001000000000000100000000000000000000000000000000000000000000100000000000000000000000000000000000000000000000000000000000000000000000000000000 
0100000000000000000000000000000000000000000100000000000000000000000000000100000000000000000000000000000000000000000000100000000000000000000000000000000000000000000000000000000000000000000000000000000 
0100000000000000000000000000000000000000000100000000000000000000000000000000000000000000000000000000000000000000000000000000000000000000000000000000000000000000000000000000000000000000000000000000000 
0000000000000000000000000000000000000000000000000000000000000000000000000100000000000000000000000000000000000000000000100000000000000000000000000000000000000000000000000000000000000000000000000000000 
0000000000000000000000000000000000000000000000000000000000000000000000000000000000000000000000000000000000000000000000000000000000000000100000000000000000000000000000000000000000000010000000000000000 
0000000000000000000000000000000000000000000000000000000000000001000000000000000000000000000000000000000000000000000000000000000000000000000000000000000000000000001000000000000000000000000000000000000 
0000000101010000000000000000000000000000000000000010000000000000000000000000000000000000000000000000000000000000000000000000000000000000000000000010000000000000000000000000000000000000000000000000000 
0000000101000000000000000000000000000000000000000000000000000000000000000000000000000000000000000000000000000000000000000000000000000000000000000010000000000000000000000000000000000000000000000000000 
0000000001000000000000000000000000000000000000000000000000000000000000000000000000000000000000000000000000000000000000000000000000000000000000000010000000000000000000000000000000000000000000000000000 
0000000000010000000000000000000000000000000000000010000000000000000000000000000000000000000000000000000000000000000000000000000000000000000000000000000000000000000000000000000000000000000000000000000 
0010010000001000010000000110010100000000111000000100110000000000000000100010000010000010000001000000100100010011000000000010000000010100000001000000010110000110010000000000000000000000000000000000000 
0010010000001000010000000110010100000000111000000100010000000000000000100010000010000000000000000000100100010001000000000010000000010100000000000000010110000110010000000000000000000000000000000000000 
0010000000000000000000000000000100000000111000000000000000000000000000000000000000000000000000000000100000000000000000000000000000010100000000000000000110000100000000000000000000000000000000000000000 
0010000000000000000000000000000100000000111000000000000000000000000000000000000000000000000000000000000000000000000000000000000000010100000000000000000110000000000000000000000000000000000000000000000 
0010000000000000000000000000000100000000001000000000000000000000000000000000000000000000000000000000000000000000000000000000000000000000000000000000000010000000000000000000000000000000000000000000000 
0010000000000000000000000000000100000000000000000000000000000000000000000000000000000000000000000000000000000000000000000000000000000000000000000000000010000000000000000000000000000000000000000000000 
0010000000000000000000000000000000000000000000000000000000000000000000000000000000000000000000000000000000000000000000000000000000000000000000000000000010000000000000000000000000000000000000000000000 
0000000000000000000000000000000000000000110000000000000000000000000000000000000000000000000000000000000000000000000000000000000000010100000000000000000100000000000000000000000000000000000000000000000 
0000000000000000000000000000000000000000000000000000000000000000000000000000000000000000000000000000000000000000000000000000000000010000000000000000000100000000000000000000000000000000000000000000000 
0000000000000000000000000000000000000000110000000000000000000000000000000000000000000000000000000000000000000000000000000000000000000100000000000000000000000000000000000000000000000000000000000000000 
0000000000000000000000000000000000000000100000000000000000000000000000000000000000000000000000000000000000000000000000000000000000000100000000000000000000000000000000000000000000000000000000000000000 
0000000000000000000000000000000000000000000000000000000000000000000000000000000000000000000000000000100000000000000000000000000000000000000000000000000000000100000000000000000000000000000000000000000 
0000010000001000010000000110010000000000000000000100010000000000000000100010000010000000000000000000000100010001000000000010000000000000000000000000010000000010010000000000000000000000000000000000000 
0000000000001000010000000100000000000000000000000100000000000000000000000000000000000000000000000000000000000000000000000010000000000000000000000000010000000000000000000000000000000000000000000000000 
0000000000000000000000000000000000000000000000000100000000000000000000000000000000000000000000000000000000000000000000000010000000000000000000000000000000000000000000000000000000000000000000000000000 
0000000000001000010000000100000000000000000000000000000000000000000000000000000000000000000000000000000000000000000000000000000000000000000000000000010000000000000000000000000000000000000000000000000 
0000000000001000010000000000000000000000000000000000000000000000000000000000000000000000000000000000000000000000000000000000000000000000000000000000010000000000000000000000000000000000000000000000000 
0000000000001000010000000000000000000000000000000000000000000000000000000000000000000000000000000000000000000000000000000000000000000000000000000000000000000000000000000000000000000000000000000000000 
0000010000000000000000000010010000000000000000000000010000000000000000100010000010000000000000000000000100010001000000000000000000000000000000000000000000000010010000000000000000000000000000000000000 
0000000000000000000000000000000000000000000000000000000000000000000000100010000010000000000000000000000100010000000000000000000000000000000000000000000000000010000000000000000000000000000000000000000 
0000000000000000000000000000000000000000000000000000000000000000000000100010000000000000000000000000000100000000000000000000000000000000000000000000000000000000000000000000000000000000000000000000000 
0000000000000000000000000000000000000000000000000000000000000000000000100000000000000000000000000000000100000000000000000000000000000000000000000000000000000000000000000000000000000000000000000000000 
0000000000000000000000000000000000000000000000000000000000000000000000000000000010000000000000000000000000010000000000000000000000000000000000000000000000000010000000000000000000000000000000000000000 
0000000000000000000000000000000000000000000000000000000000000000000000000000000010000000000000000000000000000000000000000000000000000000000000000000000000000010000000000000000000000000000000000000000 
0000010000000000000000000010010000000000000000000000010000000000000000000000000000000000000000000000000000000001000000000000000000000000000000000000000000000000010000000000000000000000000000000000000 
0000010000000000000000000000010000000000000000000000010000000000000000000000000000000000000000000000000000000001000000000000000000000000000000000000000000000000010000000000000000000000000000000000000 
0000000000000000000000000000000000000000000000000000000000000000000000000000000000000000000000000000000000000001000000000000000000000000000000000000000000000000010000000000000000000000000000000000000 
0000010000000000000000000000010000000000000000000000010000000000000000000000000000000000000000000000000000000000000000000000000000000000000000000000000000000000000000000000000000000000000000000000000 
0000000000000000000000000000010000000000000000000000010000000000000000000000000000000000000000000000000000000000000000000000000000000000000000000000000000000000000000000000000000000000000000000000000 
0000000000000000000000000000000000000000000000000000100000000000000000000000000000000010000001000000000000000010000000000000000000000000000001000000000000000000000000000000000000000000000000000000000 
0000000000000000000000000000000000000000000000000000100000000000000000000000000000000000000001000000000000000010000000000000000000000000000000000000000000000000000000000000000000000000000000000000000 
0000000000000000000000000000000000000000000000000000100000000000000000000000000000000000000000000000000000000010000000000000000000000000000000000000000000000000000000000000000000000000000000000000000 
0000000000000000000000000000000000000000000000000000000000000000000000000000000000000010000000000000000000000000000000000000000000000000000001000000000000000000000000000000000000000000000000000000000 
0000000000000100000000000000000000000000000001000000000000000000000000000000000000000000000000000000000010000000000000000100000000000000000000010000000000000000000000000010000000010000000000000000000 
0000000000000000000000000000000000000000000000000000000000000000000000000000000000000000000000000000000010000000000000000000000000000000000000010000000000000000000000000000000000010000000000000000000 
0000000000000000000000000000000000000000000000000000000000000000000000000000000000000000000000000000000010000000000000000000000000000000000000010000000000000000000000000000000000000000000000000000000 
0000000000000100000000000000000000000000000001000000000000000000000000000000000000000000000000000000000000000000000000000100000000000000000000000000000000000000000000000010000000000000000000000000000 
0000000000000000000000000000000000000000000000000000000000000000000000000000000000000000000000000000000000000000000000000100000000000000000000000000000000000000000000000010000000000000000000000000000 
0000000000000100000000000000000000000000000001000000000000000000000000000000000000000000000000000000000000000000000000000000000000000000000000000000000000000000000000000000000000000000000000000000000 
0000000000000010000000100000000000010000000000000000000000000000000000000001000001010000000000000010000000000000000100000000000000000000000010100000000000000000000000010000000000100000100100000000000 
0000000000000000000000000000000000000000000000000000000000000000000000000000000001000000000000000000000000000000000000000000000000000000000010000000000000000000000000000000000000000000000000000000000 
0000000000000010000000100000000000010000000000000000000000000000000000000001000000010000000000000010000000000000000100000000000000000000000000100000000000000000000000010000000000100000100100000000000 
0000000000000010000000100000000000010000000000000000000000000000000000000001000000010000000000000010000000000000000100000000000000000000000000100000000000000000000000010000000000100000100000000000000 
0000000000000000000000000000000000010000000000000000000000000000000000000000000000000000000000000000000000000000000000000000000000000000000000100000000000000000000000000000000000000000000000000000000 
0000000000000010000000100000000000000000000000000000000000000000000000000001000000010000000000000010000000000000000100000000000000000000000000000000000000000000000000010000000000100000100000000000000 
0000000000000010000000000000000000000000000000000000000000000000000000000001000000010000000000000000000000000000000100000000000000000000000000000000000000000000000000010000000000000000100000000000000 
0000000000000010000000000000000000000000000000000000000000000000000000000001000000010000000000000000000000000000000000000000000000000000000000000000000000000000000000000000000000000000100000000000000 
0000000000000010000000000000000000000000000000000000000000000000000000000000000000010000000000000000000000000000000000000000000000000000000000000000000000000000000000000000000000000000100000000000000 
0000000000000010000000000000000000000000000000000000000000000000000000000000000000010000000000000000000000000000000000000000000000000000000000000000000000000000000000000000000000000000000000000000000 
0000000000000000000000000000000000000000000000000000000000000000000000000000000000000000000000000000000000000000000100000000000000000000000000000000000000000000000000010000000000000000000000000000000 
0000000000000000000000100000000000000000000000000000000000000000000000000000000000000000000000000010000000000000000000000000000000000000000000000000000000000000000000000000000000100000000000000000000 
0000000000000000000000000000000000000000000000000000000000000000000000000000000000000000000000000010000000000000000000000000000000000000000000000000000000000000000000000000000000100000000000000000000 
1001100010100001001111011001101011100111000010011001001011010110100111011000111100001100100100111001011001100000111001011001111111101001001000001001101001101001100001101001011011001101011001111110111 
1001000010100001000011011001001011100010000010011000001010010010100100001000000100000000000100110001010000100000110001000000111011101001000000001001100000101001100001000000000011001001011001111100011 
1000000000000001000000010001001001100000000000001000001010000000100000001000000100000000000000000001000000000000100000000000100000101000000000001001000000000000100000000000000001000000000000000000000 
0000000000000001000000000000001000100000000000001000001000000000100000001000000100000000000000000001000000000000000000000000100000100000000000001000000000000000100000000000000001000000000000000000000 
0000000000000001000000000000001000100000000000001000001000000000100000000000000000000000000000000001000000000000000000000000100000100000000000000000000000000000100000000000000000000000000000000000000 
0000000000000000000000000000000000000000000000000000001000000000000000000000000000000000000000000000000000000000000000000000100000000000000000000000000000000000100000000000000000000000000000000000000 
0000000000000000000000000000000000000000000000000000001000000000000000000000000000000000000000000000000000000000000000000000100000000000000000000000000000000000000000000000000000000000000000000000000 
0000000000000001000000000000001000100000000000001000000000000000100000000000000000000000000000000001000000000000000000000000000000100000000000000000000000000000000000000000000000000000000000000000000 
0000000000000000000000000000001000000000000000001000000000000000100000000000000000000000000000000001000000000000000000000000000000100000000000000000000000000000000000000000000000000000000000000000000 
0000000000000000000000000000001000000000000000001000000000000000100000000000000000000000000000000001000000000000000000000000000000000000000000000000000000000000000000000000000000000000000000000000000 
0000000000000000000000000000000000000000000000001000000000000000100000000000000000000000000000000001000000000000000000000000000000000000000000000000000000000000000000000000000000000000000000000000000 
0000000000000000000000000000000000000000000000000000000000000000100000000000000000000000000000000001000000000000000000000000000000000000000000000000000000000000000000000000000000000000000000000000000 
0000000000000001000000000000000000100000000000000000000000000000000000000000000000000000000000000000000000000000000000000000000000000000000000000000000000000000000000000000000000000000000000000000000 
0000000000000000000000000000000000000000000000000000000000000000000000001000000100000000000000000000000000000000000000000000000000000000000000001000000000000000000000000000000001000000000000000000000 
0000000000000000000000000000000000000000000000000000000000000000000000001000000000000000000000000000000000000000000000000000000000000000000000001000000000000000000000000000000000000000000000000000000 
0000000000000000000000000000000000000000000000000000000000000000000000000000000100000000000000000000000000000000000000000000000000000000000000000000000000000000000000000000000001000000000000000000000 
1000000000000000000000010001000001000000000000000000000010000000000000000000000000000000000000000000000000000000100000000000000000001000000000000001000000000000000000000000000000000000000000000000000 
1000000000000000000000010001000001000000000000000000000000000000000000000000000000000000000000000000000000000000100000000000000000001000000000000001000000000000000000000000000000000000000000000000000 
1000000000000000000000000001000000000000000000000000000000000000000000000000000000000000000000000000000000000000000000000000000000001000000000000000000000000000000000000000000000000000000000000000000 
0000000000000000000000000001000000000000000000000000000000000000000000000000000000000000000000000000000000000000000000000000000000001000000000000000000000000000000000000000000000000000000000000000000 
0000000000000000000000010000000001000000000000000000000000000000000000000000000000000000000000000000000000000000100000000000000000000000000000000001000000000000000000000000000000000000000000000000000 
0000000000000000000000000000000001000000000000000000000000000000000000000000000000000000000000000000000000000000100000000000000000000000000000000001000000000000000000000000000000000000000000000000000 
0000000000000000000000000000000001000000000000000000000000000000000000000000000000000000000000000000000000000000000000000000000000000000000000000001000000000000000000000000000000000000000000000000000 
0001000010100000000011001000000010000010000010010000000000010010000100000000000000000000000100110000010000100000010001000000011011000001000000000000100000101001000001000000000010001001011001111100011 
0000000000000000000010000000000000000010000000000000000000010010000100000000000000000000000000000000000000100000010001000000000000000000000000000000100000000001000001000000000010001000000000001000010 
0000000000000000000000000000000000000000000000000000000000000000000000000000000000000000000000000000000000100000000000000000000000000000000000000000100000000000000000000000000000001000000000001000000 
0000000000000000000000000000000000000000000000000000000000000000000000000000000000000000000000000000000000000000000000000000000000000000000000000000100000000000000000000000000000001000000000001000000 
0000000000000000000000000000000000000000000000000000000000000000000000000000000000000000000000000000000000000000000000000000000000000000000000000000100000000000000000000000000000000000000000001000000 
0000000000000000000010000000000000000010000000000000000000010010000100000000000000000000000000000000000000000000010001000000000000000000000000000000000000000001000001000000000010000000000000000000010 
0000000000000000000000000000000000000000000000000000000000000000000000000000000000000000000000000000000000000000010000000000000000000000000000000000000000000000000000000000000010000000000000000000000 
0000000000000000000010000000000000000010000000000000000000010010000100000000000000000000000000000000000000000000000001000000000000000000000000000000000000000001000001000000000000000000000000000000010 
0000000000000000000000000000000000000000000000000000000000000010000000000000000000000000000000000000000000000000000000000000000000000000000000000000000000000000000001000000000000000000000000000000010 
0000000000000000000000000000000000000000000000000000000000000010000000000000000000000000000000000000000000000000000000000000000000000000000000000000000000000000000001000000000000000000000000000000000 
0000000000000000000010000000000000000010000000000000000000010000000100000000000000000000000000000000000000000000000001000000000000000000000000000000000000000001000000000000000000000000000000000000000 
0000000000000000000000000000000000000010000000000000000000010000000000000000000000000000000000000000000000000000000000000000000000000000000000000000000000000000000000000000000000000000000000000000000 
0000000000000000000010000000000000000000000000000000000000000000000100000000000000000000000000000000000000000000000001000000000000000000000000000000000000000001000000000000000000000000000000000000000 
0000000000000000000010000000000000000000000000000000000000000000000100000000000000000000000000000000000000000000000001000000000000000000000000000000000000000000000000000000000000000000000000000000000 
0000000000000000000010000000000000000000000000000000000000000000000000000000000000000000000000000000000000000000000001000000000000000000000000000000000000000000000000000000000000000000000000000000000 
0001000010100000000001001000000010000000000010010000000000000000000000000000000000000000000100110000010000000000000000000000011011000001000000000000000000101000000000000000000000000001011001110100001 
0000000010100000000001000000000010000000000010010000000000000000000000000000000000000000000000010000010000000000000000000000011011000000000000000000000000100000000000000000000000000000011001110100001 
0000000000100000000000000000000000000000000000000000000000000000000000000000000000000000000000000000010000000000000000000000000000000000000000000000000000000000000000000000000000000000000000000000000 
0000000010000000000001000000000010000000000010010000000000000000000000000000000000000000000000010000000000000000000000000000011011000000000000000000000000100000000000000000000000000000011001110100001 
0000000010000000000001000000000010000000000010010000000000000000000000000000000000000000000000010000000000000000000000000000010011000000000000000000000000100000000000000000000000000000011001110100001 
0000000010000000000000000000000000000000000010000000000000000000000000000000000000000000000000000000000000000000000000000000000011000000000000000000000000100000000000000000000000000000000001010000000 
0000000010000000000000000000000000000000000010000000000000000000000000000000000000000000000000000000000000000000000000000000000001000000000000000000000000100000000000000000000000000000000001010000000 
0000000000000000000000000000000000000000000010000000000000000000000000000000000000000000000000000000000000000000000000000000000000000000000000000000000000100000000000000000000000000000000001010000000 
0000000000000000000000000000000000000000000010000000000000000000000000000000000000000000000000000000000000000000000000000000000000000000000000000000000000100000000000000000000000000000000000010000000 
0000000000000000000000000000000000000000000000000000000000000000000000000000000000000000000000000000000000000000000000000000000000000000000000000000000000100000000000000000000000000000000000010000000 
0000000010000000000000000000000000000000000000000000000000000000000000000000000000000000000000000000000000000000000000000000000001000000000000000000000000000000000000000000000000000000000000000000000 
0000000000000000000001000000000010000000000000010000000000000000000000000000000000000000000000010000000000000000000000000000010000000000000000000000000000000000000000000000000000000000011000100100001 
0000000000000000000001000000000010000000000000010000000000000000000000000000000000000000000000010000000000000000000000000000010000000000000000000000000000000000000000000000000000000000010000000100000 
0000000000000000000000000000000000000000000000010000000000000000000000000000000000000000000000000000000000000000000000000000000000000000000000000000000000000000000000000000000000000000000000000100000 
0000000000000000000001000000000010000000000000000000000000000000000000000000000000000000000000010000000000000000000000000000010000000000000000000000000000000000000000000000000000000000010000000000000 
0000000000000000000001000000000010000000000000000000000000000000000000000000000000000000000000010000000000000000000000000000000000000000000000000000000000000000000000000000000000000000010000000000000 
0000000000000000000000000000000010000000000000000000000000000000000000000000000000000000000000010000000000000000000000000000000000000000000000000000000000000000000000000000000000000000010000000000000 
0000000000000000000000000000000000000000000000000000000000000000000000000000000000000000000000010000000000000000000000000000000000000000000000000000000000000000000000000000000000000000010000000000000 
0000000000000000000000000000000000000000000000000000000000000000000000000000000000000000000000000000000000000000000000000000000000000000000000000000000000000000000000000000000000000000001000100000001 
0000000000000000000000000000000000000000000000000000000000000000000000000000000000000000000000000000000000000000000000000000000000000000000000000000000000000000000000000000000000000000001000100000000 
0001000000000000000000001000000000000000000000000000000000000000000000000000000000000000000100100000000000000000000000000000000000000001000000000000000000001000000000000000000000000001000000000000000 
0000000000000000000000001000000000000000000000000000000000000000000000000000000000000000000100000000000000000000000000000000000000000001000000000000000000000000000000000000000000000001000000000000000 
0000000000000000000000000000000000000000000000000000000000000000000000000000000000000000000100000000000000000000000000000000000000000000000000000000000000000000000000000000000000000001000000000000000 
0000000000000000000000001000000000000000000000000000000000000000000000000000000000000000000000000000000000000000000000000000000000000001000000000000000000000000000000000000000000000000000000000000000 
0001000000000000000000000000000000000000000000000000000000000000000000000000000000000000000000100000000000000000000000000000000000000000000000000000000000001000000000000000000000000000000000000000000 
0001000000000000000000000000000000000000000000000000000000000000000000000000000000000000000000000000000000000000000000000000000000000000000000000000000000001000000000000000000000000000000000000000000 
0000100000000000001100000000100000000101000000000001000001000100000011010000111000001100100000001000001001000000001000011001000100000000001000000000001001000000000000101001011000000100000000000010100 
0000100000000000000100000000100000000001000000000001000000000100000000000000000000000100100000001000000001000000001000011001000000000000000000000000001000000000000000000000011000000100000000000010000 
0000100000000000000100000000100000000001000000000001000000000100000000000000000000000000100000001000000000000000001000010000000000000000000000000000001000000000000000000000000000000000000000000000000 
0000100000000000000100000000100000000001000000000001000000000100000000000000000000000000100000000000000000000000001000010000000000000000000000000000001000000000000000000000000000000000000000000000000 
0000100000000000000100000000000000000001000000000001000000000100000000000000000000000000100000000000000000000000001000000000000000000000000000000000000000000000000000000000000000000000000000000000000 
0000100000000000000000000000000000000001000000000001000000000100000000000000000000000000100000000000000000000000001000000000000000000000000000000000000000000000000000000000000000000000000000000000000 
0000100000000000000000000000000000000000000000000000000000000000000000000000000000000000100000000000000000000000000000000000000000000000000000000000000000000000000000000000000000000000000000000000000 
0000000000000000000000000000000000000001000000000001000000000100000000000000000000000000000000000000000000000000001000000000000000000000000000000000000000000000000000000000000000000000000000000000000 
0000000000000000000000000000000000000000000000000000000000000100000000000000000000000000000000000000000000000000001000000000000000000000000000000000000000000000000000000000000000000000000000000000000 
0000000000000000000000000000000000000001000000000001000000000000000000000000000000000000000000000000000000000000000000000000000000000000000000000000000000000000000000000000000000000000000000000000000 
0000000000000000000000000000100000000000000000000000000000000000000000000000000000000000000000000000000000000000000000010000000000000000000000000000001000000000000000000000000000000000000000000000000 
0000000000000000000000000000000000000000000000000000000000000000000000000000000000000000000000000000000000000000000000010000000000000000000000000000001000000000000000000000000000000000000000000000000 
0000000000000000000000000000000000000000000000000000000000000000000000000000000000000100000000000000000001000000000000001001000000000000000000000000000000000000000000000000011000000100000000000010000 
0000000000000000000000000000000000000000000000000000000000000000000000000000000000000000000000000000000000000000000000001000000000000000000000000000000000000000000000000000010000000000000000000010000 
0000000000000000000000000000000000000000000000000000000000000000000000000000000000000000000000000000000000000000000000001000000000000000000000000000000000000000000000000000010000000000000000000000000 
0000000000000000000000000000000000000000000000000000000000000000000000000000000000000100000000000000000001000000000000000001000000000000000000000000000000000000000000000000001000000100000000000000000 
0000000000000000000000000000000000000000000000000000000000000000000000000000000000000100000000000000000001000000000000000000000000000000000000000000000000000000000000000000000000000100000000000000000 
0000000000000000000000000000000000000000000000000000000000000000000000000000000000000000000000000000000001000000000000000000000000000000000000000000000000000000000000000000000000000100000000000000000 
0000000000000000000000000000000000000000000000000000000000000000000000000000000000000000000000000000000000000000000000000001000000000000000000000000000000000000000000000000001000000000000000000000000 
0000000000000000001000000000000000000100000000000000000001000000000011010000111000001000000000000000001000000000000000000000000100000000001000000000000001000000000000101001000000000000000000000000100 
0000000000000000000000000000000000000000000000000000000001000000000010010000000000001000000000000000001000000000000000000000000100000000001000000000000001000000000000101001000000000000000000000000100 
0000000000000000000000000000000000000000000000000000000000000000000000000000000000001000000000000000001000000000000000000000000000000000001000000000000000000000000000101001000000000000000000000000000 
0000000000000000000000000000000000000000000000000000000000000000000000000000000000000000000000000000000000000000000000000000000000000000000000000000000000000000000000101000000000000000000000000000000 
0000000000000000000000000000000000000000000000000000000000000000000000000000000000001000000000000000001000000000000000000000000000000000001000000000000000000000000000000001000000000000000000000000000 
0000000000000000000000000000000000000000000000000000000000000000000000000000000000001000000000000000001000000000000000000000000000000000000000000000000000000000000000000001000000000000000000000000000 
0000000000000000000000000000000000000000000000000000000000000000000000000000000000000000000000000000001000000000000000000000000000000000000000000000000000000000000000000001000000000000000000000000000 
0000000000000000000000000000000000000000000000000000000001000000000010010000000000000000000000000000000000000000000000000000000100000000000000000000000001000000000000000000000000000000000000000000100 
0000000000000000000000000000000000000000000000000000000000000000000010010000000000000000000000000000000000000000000000000000000100000000000000000000000001000000000000000000000000000000000000000000100 
0000000000000000000000000000000000000000000000000000000000000000000010000000000000000000000000000000000000000000000000000000000100000000000000000000000001000000000000000000000000000000000000000000100 
0000000000000000000000000000000000000000000000000000000000000000000010000000000000000000000000000000000000000000000000000000000100000000000000000000000001000000000000000000000000000000000000000000000 
0000000000000000000000000000000000000000000000000000000000000000000010000000000000000000000000000000000000000000000000000000000000000000000000000000000001000000000000000000000000000000000000000000000 
0000000000000000001000000000000000000100000000000000000000000000000001000000111000000000000000000000000000000000000000000000000000000000000000000000000000000000000000000000000000000000000000000000000 
0000000000000000000000000000000000000100000000000000000000000000000000000000010000000000000000000000000000000000000000000000000000000000000000000000000000000000000000000000000000000000000000000000000 
0000000000000000001000000000000000000000000000000000000000000000000001000000101000000000000000000000000000000000000000000000000000000000000000000000000000000000000000000000000000000000000000000000000 
0000000000000000001000000000000000000000000000000000000000000000000000000000101000000000000000000000000000000000000000000000000000000000000000000000000000000000000000000000000000000000000000000000000 
0000000000000000000000000000000000000000000000000000000000000000000000000000101000000000000000000000000000000000000000000000000000000000000000000000000000000000000000000000000000000000000000000000000 
