10000000000000000000000000000000010000000000000000000000000000000000000000000000000000000000000000000000000000
100000000000000000000000000000000000000000000000000000000000000000000000000000000000000000000000000000000100000000000000000000000000000000000000000000000000000000000000000000000000000000
1000000010000000000000000000000000000000000000000000000000000000000000000000000000000000000000000000000000000000000000000000000000000000000000000000000000000000000000000000000000000000
100000000000000000000000100000000000000000000000000000000000000000000000000000000000000000000000000000000000000000
1000000000000000000000000000000000000000000000000000000000000010000000000000000000000000000000000000000000000000000000
10000000010000000000000000000000000000000000000000000000000000000000000000000000000000000000000000000000000000000000
100000000000000000000000000000000000000000000000000000000000000000000000000000000010000000000000000000000000000000000000000000000000000000000000000000000000000000
10000000000000000000000000000000000000000000001000000000000000000000000000000000000000000000000000000000000000000000000000000000000000000000000000000000000000000000000000000000000000000000000000000
1000000000000000000000000000000000000000000000000000000000000001000000000000000000000000000000000000
1000000000000000000000000000000000000000000000000000000000000000000000000000000000000000000000000001000000000000000000000000000000000
10000000000000000000000000000000000000000000000000000000000000000100
10000000000000000000000000000000100000000000000000000000000000000000000000000000000000000000000000000000000000000000000000000000000000000000000000000000000000000000000000000
100001000000000000000000000000000000000000000000000000000000000000000000000000000000000000000000000000001000000000000000000000000000000000
10000000000000000000000000000000000000000000000000000000000000000000001000000000000000000000000000000000000000000000000000000000000000000000
100000000000000000000000000001000000000000000000000000000000000000000000000000000000000000000000000000000000000000000000000000000000000000000000000000000000000000000000000000000000000000000
1000000000000000000000000000000000000000000000000000000000000000000000000000000100000000000000000000000000000000000000000000000000000000000000000000000000000000000000
100000000000000000000000000000000000000000000000000000000000000000000000000000000000000000000000000000000000000000000000000000000000000000000000000000000000000000000000000100000000000
1000000000000000000000000000000000000000001000000000000000000010000000000000000000000000000000000000000000000000000000
100000000000000000001000000000000000000000000000000000000000000000000000000000000000000000000000000000000000
1000000000000000000000001000000000000000000000000000000000000000000000000000000000000000000000000
10000000000000000000000000000001000000000000000000000000000000000000000000000000000000000000000000000000000000000000000000
100000000000000000000000000000000000000000000000000000000000000000000000000000000000000000000000000000000000000000000000000000000000000001000000000000000
1000000000000000000000000000010
1000000000000000000000000000000000000000000000000000000000000000000000010000000000000000000000000000000000000000000000000000000000000000000000000000000000000000000000000000
10000000000000000000000000000000000000000000001000000000000000000000000000000000000000000000000000000000000000000000000000000000000000000000000000000000000000000000000000000000000000000000000000
100000000000000000000000000000000100000000000000000000000000000000000000
100000000000000000000000010000000000000000000000000000000000000000000000000000000000000000000000000000000000000000000000000000000000000000000000000000000000000000000000
10000000000000000000000000000000000000000000000000000000000000000010000000000000000000000000000000000000000000000000000000000000000000000000000000000000000000000000000000
10000000000000000000000000000000000000000000000000000000000000000010000000000000000000000000000000000000000000000000001000000000000000000000000000000000000000000000000000
100000000000100001000000000000000000000000000000000000000000000000000000000000000000000000000000000000000000000000001000000000000000000000000000000000
100000000100000000000000000000000000000000000000000000000000000000000000000
10000000000000000000000000000000000000000000000000000000000000000000001000000000000000000000000000000000000000010000000000000000000000000000
10000000000000001000000000000000000000000000001000000000000000000000000000000000000000000000000000000000000000000000000000000000000000000000000000000000000000000000000000000000000000000000000000000
10000000000010000000000000000000010000000000000000000000000000000000000000000000000000000000000000000000000000
10000000100000000000000000000000000000000000000000000000000000000000000000000000000000000000000000000000000000000000000000000000000000000000000000000000000000000000000000000000000
10000000001000000000000000000000000000000000000000000000000000000000000000000000000000000000000000000000000000000000000
1000000000000000000000000000000000000000000000000000001
10000000000000000000000000000000000000000000000000000000000010000000000000000000000000000000000000000000000000000000000000000000000000000000000000
100000000000000000001000000000000000000000000000000000000000000000000000000000000000
100000000000000000000000000000000000000000000000000000000000000000000000000000000000000000000000000000000000000000000000000100000000
100000000000000000000000000000000000000000000000000000000000001000000000000000000000000000000000000000001000000000000000000010000000000000000000000000000000000000000000000000000000
10000000000000000000000000000000000000000000000000100000000000000000000000000000000000000000000000000000000000000000000000000000000000000000000000000000000000000000000
10010000000000000000000000000000000000000000000000000100000000000010000000000000000000000000000000000000000000000000001000000000000000000000000000000000000000000000000000
1000000000000000000000001000000000000000000000000000000000000000000000000000100000000000000000000
1000000000000000000000000000000000000000000000000000000000000000000000010000000000000000000000000000000000000000000000000000000000000000000000000000000000000000000000010000
100000000000000000000000000000000000000000000000000000000000000000000000000000000010000000000000000000000000000000000000000000000000000000000000000000000000
10000000000000000001000000000000000000000000000000000000000000000000000000000000000000000000000000000000000000000000000000000
10010000000000000000000000000000000000000000000000000100000000000010000000000000000000000000000000000000000000000000001010000000000000000000000000000000000000000000000000
10000000000000000000000000000000000000000000000000000000000000000000000000000000000000000000000000000000000000000000000000001000000000000000000000000000000000000000000000000000000000000000000
10000000000000000000000000000000001000000000000000000
10000000000000000000000010000000000000000000000000000000000000000000000000000000000000000000000000000000000000000000000000000000000000000000000000000000000000000000000000000000000000000000
10000000000000000000000000000000000000000100000000000000000000000000000000000000000000000000000000000000000000000000000000000000000000
100000000000000000000000000000000000000000000000000000000000000000000000000000000000000000000000000000000000000000000000000000000000000000000000000000000000000000000000000100000000000000000000000000
100000000000000000000000000000000000000001000000000000000000000000000000000000000000000000000000000000000100000000000000000000000000000000000000000000000000000000000000000000000000000000
1000000000000000000000100000000000000000000000000000000000000000000000000000000000000000000000000000000000000000000000000000000000000000000000
10000000000000000000000000000000000000000000100000000000000000000000000000000000000000000000000000000000000000000000000000000000000000000000000000000000000
10010000000000000000000000000000000000000000000000000100000000100010000000000000001000000000000000000000000000000000001010000000000000000000000000000000000000000000000000
100000000000000000000000000000000000000000000000000000000000010000000000000000000000000000000000000000000000000000000000000100000000
1000000000000000000000000000000000000000000000000000000000000000000000000000000000000000000000000000000000000000000000000000000000000100000000000000000000000000000000000000000000000000000
1000000000000000000000000000010000000000000000000000001
10000000100000000000000000000000000000000000000000000000000000000000000000000000000000000000000000000000000000000000000000000000000000000000000100000000000000000000000000000000000
10000000000000000000000000000100000
1000000000000000000000000000000000000000000000000000000000100000000000010000000000100000000000000000000000000000000000000000000000000000000000000000000000000000000000010000
10000000000000000000000010000000000000000000000000000000000000000000000000000000000000000000000000000000100000000000000000001000000000000000000000000000000000000000000000000000000000000000
10000000000000000000000000000000000000000000010000000000000000000000000000000000000000000
10000000000000000000000000000001000000000000000000000000000000000000000000000000000000000000100000000000000000000000000000
100000000000000000000000000000000000001000000000000000000000000000000000000000000010000000000000000000000000000000000000000000000000000000000000000000000000000000
100000000000000000000000000000000000000000000000000000000000000000000000000000000010000000000000000000000000000000000000000000000000000000000000000000000000000000000000000000000000000000000000000
1000000000000000000000000000000000000000000000000000000100000000000000000000000000000000000000000000000000000000000000000000000000000000000000000000000000000000000000000000000000000000000000
100000000000000000000000000000000000000001000000000000000000000000000000000000000000000000000000000000000100000000000000000000000000000000000000000000000000000000000000000000000010000000
1001000
10000000000000000000000000000000000000000000000000000000000000000000000000000000000000000000000000000000000010000000000000000000000
10000000000000000000000000000000000000000000000000000000000000000000000000000000000000100000000000000000000000000000000000000000000000000000000000000000000000000000000000000000000000
100000000000000000000000000000000000000001000000000000000000000000000000000000000000000000000000000000000100000000000000000000000000000001000000000000000000000000000000000000000010000000
10000000000000000000000000000000000000000000100000000000000000000000000000000000100000000100000000000000000000000000000000000000000000000000000000000000000
1000000000000000000000000000000000000000000000000000000000000000000000000001000000000000000000000000000000000000000000000000000000000000000000000000000000000000000000000
10000000000000000000000000000000010000000001000000000000000000000000000000000000000000000000000000000000000000000000000000000000000000000000000000000000
100000000000000000000000000000000000000000000000000000000000000000000000000000000000000000000000000000000000000000000000000000000000000000000000000000000000000000010000000100000000000
100000000000000000000001000000000000000000000000000000000000000
10000000000000000000000000000000000000000000000000000000000000000000000000000000000000000000000000001000000000000000000000000000000000000000000000000000000000
10000000000000000000000000000000000000000000000000000000000000000000000000000000000000000000000000000010000000000000000000001000000000000000000000010000000000000000000000000000000000000000000
10000000010000000000000000000000000000000000000000000000000000000000010000000000000000000000000000000000000000000000
10000000000000000000000000000000000000000000000000000000000000000000000000000100000000000000000
100000000000000000000000000000000000000000000000000000000000000000000000000000000000000000000000000000000000000000000000000000000000000000000010000000000000000000000000000100000
1000000000000000000000010000000000000000000000000000000000000000000000000001000000010000000000000000000000000000000000000000000000000000000000000000000000000000000000000
100100000000000000000000000000000000000000000000000000000000000000000000000000000000000000000000000000000000000000000000000000000000000000000010000000000000000000000000000100000
1000000000000000000000000000000000000000000000000000000000000000000000000000000000000000000000000000100000000000000000000001000000000000000000000000000000000000000
1000000000000000000001000000000000000000000000000000000000000000000000000000000000000000000000000000000000000000000000000000000000000000000000000000000000000000000000000000000000000000000000000000
100000000000100001000000000000000000000000000000000000000000000000000000000000000000000000000000000000000001000000001000000000000000000000000000000000
1000000000000000000000000000000000000000000000000000000000000000001000000000000000000000001000000000100000000000000000000001000000000000000000100000000000000000000
100000000000000000000000000000000010000000000000000000000000000000000000000000000000000000000000000000000000000000000000000000000000000000000000000000000000000000010000000100000000000
1000000000000000000000100000000000000000000000000000000000000000000000000000000000000001000000000000000000000000000010000000000000000000000001
1000000000000000000000000000000000000100000000000100001000000000000000000000000000000000000000000000000000000000000000000000000000000100000000001000000001000000000000000000000000000000000
10000000000000000000000010000000000000000
1000000000000000000000000000000000000000000000000000000100100000000000000000000000000000000000000000000000000000000000010000000000000000000000000000000000000000000000000000000000000100000000
10000000000000000000000000000000000000000000001000000000000000000000000000000000000000000000000000000000000000001000000000000000000000000000000000000000000000000000000000000000000000000000000000
1000000000000000000000000000000000000100000000000100001000000000000000000000000000000000000000000000000000000000000000000000001000000100000000001000000001000000000000000000000000000000000
10000000000000000000000000000011000000000000000000000000000000000000000000000000000000000000100000000000000000000000000000
10000000000000001000000000000000000000000000001000000000000000000000000000010000000000000000000000000000011000000000000000000000000000000000000000000000000000000000000100000000000000000000000000000
10000000000000000000000000000000100000000000000000000000000000000000000000000000000000000000000000000000000000000000000000000000000000000000000001000000000000000000000000000
100000000000000000000000000000000000000000010000000000000000000000000000000000000000000000000000000000000000000000000000000000
10000100000000000000000000000000000000000000000000000000000000
100000000000000000000000000000000000000000000000000000000000001000000000000000000000000000000000000000001000000000000000000010000000000000010000000000000000000000010000000000000000
1000000000000000000000000000000000000000000000000000000100100000000000000000000000000000000000000000000000000000000000010000000000000000000000000000000000000000000001000000000000000100000000
100000000000000000000000010000000000010000000000000000000000000000000000000000000000000000000000000000000000000000000000000000000000000000000000010000000000000000000000
1000000000000000000000010000000000000000000000000000000000000000000000100001000000010000000000000000000000000000000000000000000000000000000000000000000000000000000000000
100000000000000000000000100000000000000000000000
100000100000000000000000000000000001000000000000000000000000000000000000000000000010000000000000000000000000000000000000000000000000000000000000000000000000000000000000000000000000000000000000000
1000000000000000000000010000000000000000000000000000000000000000000000100001000000010000000000000000000000000000000000100000000000000000000000000000000000000000000000000
10000000000000000000000000000000000000000000000100000000000000000000000000000000000000000000000000000010000000000000000000001000000000000000000000010000000000000000000000000000000000000000000
100100000000000000000000000000000000000000000000000100000000000000000000000000000000000000000010000000000000000000000000000000000000000000000010000000000000000000000000000100000
1000000000000000000000000000000000000000000000000000000000000000000000000000000000000000001000000000000000000000000000000000000000000000000000000000000000000000000000000000000000000000000000000
1000000000000000000000000000000000000000000000000000000000000000000000000000000000000000000001000000000000000000000
100000000000000000000000000001000000000000000000000000000010
1000000000000000000000000000010000000000000000000000000000000000000000000000000000000000000000000000000000000000000000000000000000000000000000000000000000000
100000000000000000000000000000000000000000000000000000000000000000000000000000000000000000000000000000000000000000000000000000000000000000000000000001000000000
1000000000000000000000000000000000000000000000000000000000000000000000000000000000000010000000000000000000000000000000001000000000000000000
10000100000000000000000010000000000000000000000000000000000000
10000000000000000000000000000000000001000000001000000000000000000010000000000000000000000000000000000000000000001000000000000000000000000000000000000000000000000000000000000000000000000000000000
100000000000000000000000000000000000000000000000000000000000001000000000000000000000000000000000000000001000000000000010000110000000000000010010000000000000000000010000000000000000
1000000000000000000000000000000000000000000000000000000000001000000000000000000000000000000000000000000000000000000000000000000000000000000000000010000000000000000000000000000000001000000000000000000
100000000000000000000000000000000000000000000000000000000000000000000000000000000000000000000000000000000001000000000000000000000000000001000000000000000
100000000000000000000000000000000000000001000000000000000000000000000001000000000000000000000000000000000100000000000000000000000000000001000000000000000000000000001000000000000010000000
10001001000
10000000000000000001000000000000000000000000000000000000000010000000000000000000000000000000000000000000000000000000000000000
10000000000001000000000000000000000000000100000000000000000000000000000000000000000000000000000000000000000000000000000000000000000000
100000000000000000000000000000000000000000000000000000000000001000000000000000000000000000000000000000001000000000000010000110000000100000010010000000000000100000010000000000000000
100000100000000000000000000000000001000000000000000000000000000000000000000000000010000000000001000000000000000000000000000000000000000000000000000000000000001000000000000000000000000000000000000
100000000000000000000000010000000000010000000000000000000000000000000000000000000000000000000000000000000000000000000000000000000000000000000000010000000100000000000000
1000000000000000000000000000000001000000000000000000000000001000000000000000000000000000000000000000000000000000100000000000000000000000000000000010000000000000000000000000000000001000000000000000000
100000000000000000000000000000000000001000000000000000000000000000000000000000000010000000000000000000000000000000000100000000000000000000000000000000000000000000
1000000000000000000000000000000000000000000000010000000000100000001000010000000000100000000000000000000000010000000000000000000000000000000000000000000000000000000000010000
100000000000000000000000000000000000000000000000000000000000000000000000000100000000000000000000000000000000100000000000000000000000000000000000000
10000000000000000000000000000000000000000000000100000000000000000000000000000000000000000000000000000010000000001000000000001000000000000000000000010000000000000000000000000000000000000000000
10000000000000000000000010000000000000000100000000000000000000000000000000000000000000000000000000000000100000000000100000001000000000000000000000000100000000000000000000000000000000000000
100000000000000001000000000000000000000000000000000000000000000000000000000000000000000000000000000000000001000000000000000000000000000001000000000000000
100000000000000000000000000001000000000000000000000000000000000000000000000000000000000000000000000000000000000000000000000000000000000000000000000001000000000
10000000000000000000000000000000000000000000100000000000000000000000000000000000100000000100000100000000000000000000000000001000000000000000000000000000010
100100000000000000000001000000000000000000000000000100000000000000000000000000000000000000000010000000000000000000000000000000000000000000000010000000000000000000000000000100000
100000000000000000000000010000000000010000000100000000000000000000000000000000000000000000000000000000000000000000000000000000000000000000000000010000000100000000000000
1000000000000000010010000000000000000100000000000100001000000000000000100000000100010000000000000001000000000000000000000000001000000101010000001000000001000000000000000000000000000000000
1000000000000000000000000000000000000000000000000000000000000000000000000000000000000000001100000000000000000000000000000000000000000000000000000000000000000000000000000000000000000000000000000
1000000000000000000000000001000001000000000000000000000000001000000000000010000000000100000001000010000000000100100000000000000000000010000000000010000000000000000000000000000000001000000000000010000
10000000000000000000000000000000000000000000000000000001000000000000001000000000000000000000000000000000000000010000000000000000000000000000
100100100000000000000000001000000000000000000000000000100000001000000000000000000000000000000000010000001000000000000010000110000000100000010010010000000000100000010000000000100000
100000000000000000000000000000000000000000000000000000000000000000010001001000
10000000000000000100000000000000000000000010000000000010000000100000000000000000000000000000000000000000000000000000000000000000000000000000000000000000000000000010000000100000000000000
1000010000000000000000000000010000000000000000100000000000000000000000000000000000000000001100000000000000000100000000000100000001000000000000000000000000100000000000000000000000000000000000000
10000000000000000000000000000000000000000000000100010000000000000000000000000000000000000000000000000010001000001000000001001000000000000000000000010000000000000010000000000000000000000000000
100000000000000000000000010000000000001000000000000000000000000000000000000000000010000000000000000000000000000000000100000000000000000000000000000000000000000000
1000000000000001000000000000000000000000000000000000000000000000000000000000000001000000000000000000000001000000000100000000000000000000001000000000000000000100000000000000000000
10000000000000000000000000000000000000000000000000000000000000010000000000000000000000000000000000001000000000000000000000000000000000000000100000000000000000
100000000000000000000000000000000000000001000000000000000000000000000001000000000000000000000000000000000100000000000000000000000000000001000000100000000000000000001000000000000010000000
10000000000000001000000010000000000000000000001000000000100000000000000000010000000000000000000000000000011000000000000000000000000000000000000000000000000000000000000101000000000000000000000000000
100000000000000000000000000001000000000000000000010000000000010000000000000000000010000000000000000000000000000000000000000000000000000000000000000001000000000
10000000100000000000000000000000000000000000000000000000000000000000000000000000000000000000000000000100000000000000000000000000000000000000000100000000000000000000000010001001000
10000000000000000000000000000000000000000000001000000000000000010000000000000000000000000000000000001000000000000000000000000000000000000000100000000000000000
100000100000000000000000000000000001000000000000000000000000000000100000000000000010000000000001000000000000000000000000000000000000000000000000000000000000001000000000000000000000000000000000000
100000000000000000000100000000000000000001000000000000000000000000000001000000000000000000000000000000000100000000000000000000000000000001000000100000000000000000001000000000000010000000
1000000000000001000000000000000000000000000000000000000000000000000000000000000001000000000000000000000001000100000100000000000000000000001000000000000000000100000000000000000000
10000000000000001000000010000000000000000000001000000000100000000000000000010000000000000000000000000000011000000000000000000000000000000000000000000000000000000000000101000000000000010000000000000
100100100000000000000000001000000000000000000010000000100001001000000000000000000000000100000000010000001000000000000010000110000000100000010010010000000000100000010000000000100000
10100000000000000000000000000001000000000000000000010000000000010000000000000000000010000000000000000000000000000000000000000000000000000000000000000001000000000
10000000000000000100000010100000000000000010000000000011000000100000000000010000000000010000000000000000000010000000000000000000000000000000000000000000000000000010000000100001000000000
10000000100000000000000000000000000000000010000100010000000000000000000000000000000000000000000000000010001000001000000001001000000000000000000000010000000000000010000000010000000100000000000
1000000000000000000000000001000001000000000000000000000000001000000000000010000000010100000011000010000000000100100000000000000000000010000000000010000010000000000000000000000000001000000000000010000
11000000100000001000000000000000000000000000000000000000000000000000000000000000001000000000000000000100001000100000100000000000000000000001000100000000000000100000000010001001000
100010000000000000000000000000000000000001000000001000000000000000000010000000000000000000000000000000000000000000001000000000000000000000000000000000000000000000000000000100000000000000000000000000
10000000000000000100000110100000000000000010000010000011000001100000000000010000000000010000000000000000010010000000000000000000000000000000100000000000000000000010000000100001000000000
10000000000000000000000000000000000000000000100000000000000000000000000000000000100000000100000110000000000000000000000000001000000000000000000000000000010
10010000000000000000000000000000000000000000001100000000000000010000000000000000000100000000100000111000000000000000000000000001000000000000100000000000000010
1000000000000000000001000000000000000000000000000000001000000000000000000000100000000000000000000000000000000000000000000000000000000000000001000000000000000000000000000010000000000000000000000001
100000100000000000000000000000000001000100000000000000000000000000100000000000000010000000000001000000000000000000000000010000000000000000000000000000000000001000000000000000000000000000000000000
1000000000000000000000000001000001000000000000010000000000001000000000000010000010010100001011000010000000000100100000000000000000000010000000000010000010000000000000000000000000001000000000000010000
1000000000000000000000000001000001000000000000010000000000001000000000000010000010010100001011000010000000000100100000000000000000000010000000000010000010000000000000000000000000001000001000000010000
1000000000000000000000000001001001000000000000010000010000001000000000000010000010010100001011000010100001000100110000000000000000000010000000000010100010000000000000000000000000001000001000000010000
1000010100000000000000000000110000000000000000101000000000000000000000000000001000000000001100000000000000000100100000000100000001000000000000001000000100100000000000000001000000000000010000000
1000000000000000000001000000000000000010010000000000001000000000000000000000100000001100000000000000010000000000000000000100000000100000111001000000000000000000000001000010000000100000000000000011
1000000000000000000000000001001001000000000000010000010000001000000000001010000010010100001011000010100001000100110000000000000000000010000000000010100010000000000000000000000000001000001000000010000
10000000110000000000000000000000000000000010000100010000000000000000000000000000000000000000000100000010001000001000000001001000000000000000000000010000000000000010000000010000000100000000000
100100100000000000000000001000000000000000000010000000100001001000000000000000000000000100000000010000001000000010000010000110000000100000010010010000000000100000010000000000100100
1000000011000000110010001000000000000100000000000100001000000000000000100000000100010000001000000001000000000100001000100000101000000101010000001001000101000000000000100000000010001001000
1000000000000000000000000001001001000000000000010000010000001000000000001010000010010100001011100010100001000100110000000000000000000010000000000010100010000000000000000000000000001000001000000010000
10000001110000010000000000000000000000000010000100010000000000000000000000000000000000000000000100000010001000001000000001001000000000000000000000010000000000000010000000010000000100000000000
1000000010000001110000010001001001000000000000010010010100011000000000001010000010010100001011100010100101000110111000001000000001001010000000000010100010010000000000000010000000011000001100000010000
1000000111100100110010001000000001000100000000000100011000000100001001100000000100010000001000100001000010000101001000110000111000110101010100001011010111000000000100100010000010001101100
1100010100000000000000000000110000000000000000101000000000000000000000000000001000000000001100000000000000000100100000000100000001000000000000001000000100100000000000000001000000000000010000000
100010000000000000000000000000000000000001000000001000000000000000000010000000000000000000000000000000000000000000001000000000000000000000000000000000000000000000000100000100000000000000000000000000
1000001000000000000001000000000000000010010000000000001000000100100000000000100000001100000000000000010000000000000000000100010000100000111001000000000000000000000001000011000000100000000100000011
10000000000000000100000110100000100000000010000011000011000001100000000000010000000000010000000000000000010010000000000000000000000000000001100000000000000000000010000001100001000000000
100110000100000000000000000000000000001001100000001000000000000000000110000000000000010000000000001000000000000000001000000010000000000000000000000000000000000001000100000100000000000000000000000000
1000001110010101110000010001001001110000000000010010111100011000000000001010000010011100001011101110100101000110111100101000000101001011000000000010101010010100100000000010000001011000001100010010000
1010000111100100110110001110100001100100000010000111011011000101101001100000010100010000011000100001000010010111001000110000111000110101010101101011010111000000000110100011100011001101100
10000000000000001000000010000000000000000000001000000000100000000000000000010000000000000000000000000000011000000000000000000000000000000000000000000000000000000000010101000000000000010000000000000
11000001000000001000001010000000000000010010001000000001100000100100000000010100000001100000000000000010011000000000000000100010000100000111001000000000000000000000011101011000000100010000100000011
1011001111010101111000011011001001110000010010011010111101111000100100001010010110011101101011101110100111011110111100101000100111001111000111001010101010010100100000011111011001011100011100110010011
100110000101010000111100100110110001111101101100101000010000111011011110101101001100010010100010001011000100001000011010111011000110000111000110101010101101011011111100000100110100011100011001101100