001011101000010111100001010001110111110000101000001111111010010001011110110011010011011111011000110001100000001001011010101001010010000011000101100011000111100010011000001000000110001 
000011000000000000000000000000000000000000100000000000000000000000000000000000010000000000000000000000000000000000010000000000000010000000000000000000000000000000000000000000000000000 
000011000000000000000000000000000000000000100000000000000000000000000000000000010000000000000000000000000000000000010000000000000000000000000000000000000000000000000000000000000000000 
000010000000000000000000000000000000000000100000000000000000000000000000000000010000000000000000000000000000000000010000000000000000000000000000000000000000000000000000000000000000000 
000010000000000000000000000000000000000000100000000000000000000000000000000000000000000000000000000000000000000000010000000000000000000000000000000000000000000000000000000000000000000 
000000000000000000000000000000000000000000100000000000000000000000000000000000000000000000000000000000000000000000010000000000000000000000000000000000000000000000000000000000000000000 
000000000000000000000000000000000000000000000000000010000000000000010000000000000000000000000000000000000000000000000000000000000000000000000001000000000010000000000000000000000000000 
000000000000000000000000000000000000000000000000000010000000000000010000000000000000000000000000000000000000000000000000000000000000000000000001000000000000000000000000000000000000000 
000000000000000000000000000000000000000000000000000000000000000000010000000000000000000000000000000000000000000000000000000000000000000000000001000000000000000000000000000000000000000 
000000000000000000000000000000000000000000000000000000000000000001000000000000000000000000000000100000000000000000000000000000000000000000000000000000000000000000000000000000000000000 
000000000000000000000000000000010000100000000000000000000000000000000000000000000000000000000000000000000000000000000000000000000000000000000000000000000000000000000000000000000100000 
000000000000000000000000000000010000000000000000000000000000000000000000000000000000000000000000000000000000000000000000000000000000000000000000000000000000000000000000000000000100000 
000000000000000100100001000000000010000000000000000000000000000000000110000000000000000000010000010000000000000000001000000001010000000001000000000001000000000000000000001000000000000 
000000000000000100100001000000000010000000000000000000000000000000000110000000000000000000010000010000000000000000001000000001010000000001000000000001000000000000000000000000000000000 
000000000000000100100001000000000010000000000000000000000000000000000110000000000000000000010000010000000000000000001000000000010000000001000000000001000000000000000000000000000000000 
000000000000000100100001000000000010000000000000000000000000000000000110000000000000000000000000010000000000000000001000000000010000000001000000000001000000000000000000000000000000000 
000000000000000100100001000000000000000000000000000000000000000000000110000000000000000000000000010000000000000000001000000000010000000001000000000001000000000000000000000000000000000 
000000000000000100100001000000000000000000000000000000000000000000000110000000000000000000000000010000000000000000001000000000010000000001000000000000000000000000000000000000000000000 
000000000000000000000000000000000000000000000000000000000000000000000010000000000000000000000000000000000000000000001000000000010000000000000000000000000000000000000000000000000000000 
000000000000000000000000000000000000000000000000000000000000000000000010000000000000000000000000000000000000000000001000000000000000000000000000000000000000000000000000000000000000000 
000000000000000000000001000000000000000000000000000000000000000000000000000000000000000000000000000000000000000000000000000000000000000001000000000000000000000000000000000000000000000 
000000000000000100000000000000000000000000000000000000000000000000000100000000000000000000000000000000000000000000000000000000000000000000000000000000000000000000000000000000000000000 
00000000000000000000000000